53827
53455
26840
21205
19987
19617
18772
15161
54083
65532
66098
61217
60434
62843
65091
64326
62584
61804
62093
26688
57305
57320
57807
45462
44478
39254
33068
56890
26779
46448
29595
26145
44527
61802
68504
37102
44057
65609
62579
60407
61901
60413
62468
28090
62042
61933
27409
58031
57626
56348
48421
26751
28145
71495
70667
61926
6045
72956
65843
59992
33373
64875
68043
64582
68738
64561
66157
64576
66346
68136
65017
65384
67918
68062
67933
67942
66126
64535
63263
66244
66160
71522
62874
62494
62867
67950
67947
67925
67087
66527
64555
62317
64309
67800
63240
64836
62046
61220
60278
60282
62516
60684
61218
61219
60250
62023
69338
69147
68888
68123
69818
69475
69079
69826
66915
70760
70366
64890
69906
65900
64114
63262
62804
62120
70909
70878
70204
70189
70153
69872
70358
71484
71414
70860
71468
71455
70847
71471
71017
71647
72616
71687
71175
72714
64219
72028
68674
66946
70673
27993
27989
23923
46868
64824
71381
65896
63605
61786
59515
55813
51516
5844
8296
10119
10111
22724
27814
22718
24618
38893
16244
28591
22168
64592
63277
60566
58610
58551
57978
57497
57451
57153
55860
55730
55132
50361
49255
48811